156|2002
154|2000
104|2004
75|2002
43|2005
39|1997
38|1999
37|2002
24|2008
23|2009
20|2009
19|2004
17|1997
14|2003
14|1991
13|1996
12|1996
11|2007
11|2002
10|2005
10|2001
10|2005
10|2000
10|2003
9|2000
9|1996
9|1995
8|2008
8|2006
8|2001
8|2006
8|2001
7|2011
7|2001
6|2002
6|2000
6|2002
5|2001
5|2008
4|2006
4|2007
4|2008
4|1998
4|1993
4|2003
4|1987
3|2007
2|2010
2|2001
2|1989
2|2009
2|1996
2|2006
2|1994
1|2001
1|2004
1|2002
1|2009
1|2004
0|2012
0|2012
0|2006
0|2001
0|2012
0|2000
0|2000
0|2008
0|2011
0|2010
0|2001
0|2007
0|2001
0|2001
0|1995
0|2011
0|2011
0|2009
0|2010
0|2011
0|2006
0|1996
0|2010
0|1967
0|2006
0|2008
0|2003
0|2007
0|2007
0|2003
0|2010
0|2004
0|1999
0|2001
0|2003
0|2007
