20|2002
18|2007
11|2004
7|2001
6|2005
6|2004
5|2009
5|2007
4|2011
4|2007
4|2007
4|2007
4|2005
4|2002
3|2010
3|2008
3|2007
3|2010
3|2005
3|2008
3|2007
3|2003
2|2008
2|2005
2|2006
2|2007
2|2003
2|2010
2|2009
2|2007
1|2012
1|2010
1|2010
1|2009
1|2004
1|2003
1|2003
1|2008
0|2011
0|2011
0|2011
0|2011
0|2011
0|2008
0|2011
0|2011
0|2006
0|2007
0|2010
0|2011
0|2011
0|2008
0|2009
0|2010
0|2008
0|2008
0|2011
0|2011
0|2009
0|2008
0|2011
0|2011
0|2011
0|2009
0|2011
0|2011
0|2011
0|2011
0|2006
0|2010
0|2011
0|2011
0|2010
0|2010
0|2009
0|2006
0|2007
0|2011
0|2010
0|2005
