45|2005
28|2008
26|2002
19|2008
17|2003
14|2010
14|2004
13|2006
13|2006
12|2010
12|2001
8|2007
8|2006
7|2002
6|2000
6|2002
5|2000
5|2002
5|2009
5|1999
4|2000
4|2005
4|1999
4|2008
3|2008
3|2008
3|2006
3|2011
3|2009
3|2007
3|2003
3|2006
3|2007
3|2006
2|2008
2|2011
2|2009
2|2010
2|2002
2|2008
2|2010
2|2009
2|2002
2|1999
1|2005
1|2003
1|2010
1|2008
1|2010
1|2001
1|2010
1|2011
1|2010
1|2005
1|2006
1|2004
1|2007
1|2010
1|2001
1|2008
1|2007
1|2009
1|2006
1|1997
1|2003
1|2010
0|2007
0|1993
0|2002
0|2005
0|2003
0|1995
0|2006
0|1987
0|2012
0|2011
0|2006
0|2009
0|2000
0|2006
0|2004
0|2001
0|2009
0|2008
0|2006
0|2008
0|2008
0|2009
0|2003
0|2003
0|2004
0|2007
0|2003
0|2004
0|2008
0|2001
0|2011
0|2004
0|2010
0|2005
0|2002
0|2001
0|2001
0|2008
0|2008
0|1999
0|2008
0|2000
0|2001
0|2008
0|2007
0|2004
0|2004
0|2011
0|2008
0|2010
0|2004
0|2001
0|2007
