14|2009
10|2008
8|2006
5|2010
5|2007
5|2008
5|2003
4|2010
4|2010
4|2008
4|2009
4|2008
4|2003
4|2008
3|2011
3|2003
3|2010
3|2008
3|2009
3|2006
3|2008
3|2007
2|2007
2|2006
2|2003
2|2008
2|2007
2|1999
2|2003
2|2007
2|2008
2|2006
2|2008
2|2003
1|2008
1|2008
1|2009
1|2005
1|2011
1|2007
1|2008
1|2008
1|2004
1|2010
1|2006
0|2012
0|2011
0|2011
0|2011
0|2003
0|2012
0|2012
0|2011
0|2011
0|2008
0|2010
0|2009
0|2010
0|2000
0|2011
0|2000
0|2011
0|2010
0|2010
0|2009
0|2005
0|2009
0|2006
0|1999
0|2000
0|2011
0|2000
0|2010
