312|2005
93|2003
92|2003
52|2004
44|2008
30|2006
28|2005
23|2005
21|2004
20|2006
17|2005
16|2007
11|2010
8|2008
7|2006
7|2008
6|2007
6|2008
5|2005
5|2009
4|2010
4|2004
3|2004
3|2010
3|2007
3|2005
2|2010
2|2006
2|2010
2|2009
2|2011
2|2006
2|2010
2|2007
1|2004
1|2011
1|2007
1|2007
1|2007
1|2007
1|2009
1|2008
1|2007
1|2008
1|2003
0|2012
0|2012
0|2011
0|2011
0|2006
0|2005
0|2004
0|2009
0|2009
0|2012
0|2005
0|2011
0|2009
0|2011
0|2008
0|2011
0|2010
0|2011
0|2007
0|2010
0|2008
0|2008
0|2006
0|2006
0|2009
0|2006
0|2007
0|2005
0|2008
0|2009
0|2012
0|2011
0|2008
0|2007
0|2005
0|2008
0|2009
0|2007
0|2007
0|2010
0|2010
0|2010
0|2008
0|2008
0|2006
0|2008
0|2011
0|2009
0|2008
0|2010
0|2010
0|2007
0|2008
0|2006
0|2009
0|2005
0|2008
0|2008
0|2010
0|2008
0|2011
0|2009
0|2010
0|2006
0|2005
