21|2005
18|2004
17|2009
16|2003
10|2006
7|2007
7|2010
7|2004
6|2000
6|1990
6|2009
6|2004
5|2009
4|2010
4|2006
3|2010
3|2003
2|1957
2|2009
2|2012
2|2010
2|2011
2|2006
2|2004
1|2000
1|2007
1|2001
1|1989
1|2009
1|2007
1|1990
1|1996
1|2007
0|2009
0|1988
0|2012
0|1985
0|2008
0|1985
0|2012
0|2009
0|2010
0|2008
0|2012
0|1989
0|2012
0|2012
0|2012
0|2012
0|2010
0|2012
0|2010
0|2012
0|1999
0|1987
0|2011
0|2010
0|2006
0|2011
0|1994
0|2006
0|1997
0|2007
0|2010
0|2011
0|2011
0|2010
0|2011
0|2011
0|2012
0|2012
0|2012
0|2012
0|2011
0|2011
0|2011
0|2011
0|2008
0|2008
0|2011
