646|2006
192|2005
180|2003
98|2007
85|2003
72|2003
56|2006
47|2004
46|2005
44|2004
43|2008
41|2010
41|2009
33|2009
23|2007
22|2006
22|2006
21|2008
20|2005
20|2005
16|2009
15|2004
12|2006
11|2011
11|2010
11|2009
10|2006
9|2011
9|2006
8|2010
8|2008
7|2010
7|2008
6|2006
6|2007
6|2006
5|2004
5|2009
4|2005
4|2010
4|2007
3|2011
3|2011
3|2004
3|2007
2|2011
2|2010
1|2008
1|2012
1|2004
1|2011
1|2009
1|2007
1|2002
1|2010
1|2008
0|2012
0|2012
0|2011
0|2011
0|2010
0|2006
0|2004
0|2008
0|2010
0|2003
0|2011
0|2010
0|2005
0|2010
0|2006
0|2007
0|2009
0|2006
0|2006
0|2007
0|2012
0|2010
0|2003
0|2011
0|2010
0|2005
0|2004
0|2005
0|2006
0|2009
0|2009
0|2006
0|2007
0|2005
0|2011
0|2007
0|2007
0|2007
0|2003
0|2007
0|2010
0|2003
0|2004
0|2007
0|2011
0|2006
0|2003
0|2009
0|2011
0|2010
0|2004
0|2010
0|2006
0|2011
0|2006
0|2007
0|2009
0|2009
0|2006
0|2005
0|2011
0|2004
0|2010
0|2008
0|2006
0|2007
0|2005
