96|2007
50|2001
30|2004
24|2007
21|2006
21|2004
16|2006
16|2004
11|2007
5|2008
4|2006
3|2011
2|2003
1|2012
1|2007
1|2007
1|2011
1|2006
1|2003
1|2008
1|2005
1|2010
0|2010
0|2008
0|2010
0|2009
0|2008
0|2010
0|2010
0|2007
0|2009
0|2008
0|2008
0|2010
0|2010
0|2009
0|2006
0|2008
0|2010
0|2002
0|2003
0|2011
0|2008
0|2008
0|2008
0|2010
0|2007
0|2009
0|2005
0|2010
0|2005
0|2005
0|2009
0|2009
0|2007
0|2005
0|2010
0|2002
0|2011
0|2002
0|2008
0|2007
0|2010
0|2010
0|2008
0|2007
0|2007
0|2010
0|2009
0|2008
0|2011
0|2007
0|2011
0|2007
0|2007
0|2009
