60|2004
55|2004
48|2005
41|2005
38|2005
34|2007
32|2006
30|2006
30|2005
30|2005
29|2004
28|2005
28|2003
27|2004
26|2008
25|2009
24|2004
22|2005
22|2003
18|2009
16|2009
16|2010
16|2006
16|2006
15|2006
15|2005
13|2009
13|2007
13|2008
12|2009
11|2010
11|2009
11|2004
11|2001
10|2008
9|2008
9|2006
9|2007
9|2005
8|2008
8|2006
8|2005
8|2008
7|2008
7|2008
7|2009
7|2007
7|2004
7|2008
7|2008
7|2003
6|2010
6|2006
6|2009
6|2006
6|2009
6|2003
5|2009
5|2007
5|2004
5|2011
4|2010
4|2005
4|2006
4|2010
4|2004
4|2009
4|2007
4|2004
3|2011
3|2010
3|2010
3|2008
3|2008
3|2009
3|2009
3|2009
3|2005
3|2006
3|2004
3|2007
3|2001
2|2012
2|2012
2|2005
2|2011
2|2011
2|2008
2|2008
2|2008
2|2009
2|2008
2|2011
1|2012
1|2012
1|2012
1|2012
1|2012
1|2012
1|2011
1|2010
1|2010
1|2011
1|2010
1|2011
1|2011
1|2008
1|2006
1|2004
1|2004
1|2006
1|2006
1|2003
1|2005
1|2007
1|2011
0|2010
0|2006
0|2004
0|2005
0|2006
0|2008
0|2007
0|2009
0|2009
0|2012
0|2010
0|2009
0|2005
0|2004
0|2003
0|2004
0|2005
0|2006
0|2005
0|2005
0|2006
0|1998
0|2004
0|2005
0|2005
0|2011
0|2005
0|2004
0|2005
0|2003
0|2006
0|2008
0|2008
0|2009
0|2008
0|2009
0|2009
0|2011
0|2005
