963|2001
826|1989
805|2001
612|2002
512|1996
506|2007
317|1997
313|2000
299|2007
271|2007
271|2003
251|2008
214|1994
198|2000
187|2006
185|1999
170|2007
164|2002
162|2005
160|1989
159|1995
153|1998
152|2001
148|2006
144|2007
130|2004
126|2003
123|2001
123|1996
122|2004
120|1999
118|2003
118|2002
111|2000
109|2006
106|2005
103|2004
103|2007
103|2000
102|2009
101|1994
99|1996
95|2000
93|1999
90|1999
90|1991
90|1998
88|2005
87|1996
86|2003
86|2005
84|1995
81|2003
79|1998
79|1998
78|2001
78|1997
76|1996
73|2001
70|2000
68|2002
67|2001
63|1994
61|1991
61|1989
60|2003
56|2002
55|2003
55|1998
54|2006
53|1995
52|2005
51|1999
50|2000
47|1999
47|2002
47|2008
44|2001
42|2002
42|2002
40|1998
40|1990
39|1998
39|2005
38|2008
37|2001
36|2004
36|1995
36|1983
35|1997
35|2002
33|1986
32|1996
32|2002
32|2007
31|2001
31|1999
29|2006
28|2003
28|1999
27|2008
27|1986
27|1999
26|2009
25|2004
25|1998
23|2006
23|1999
23|2008
23|2010
22|2006
22|2006
21|2010
20|1986
19|2004
19|2009
19|1989
19|2005
19|1988
19|1999
17|1993
16|2009
15|2000
15|2004
15|2009
14|2008
14|1994
14|1999
14|2004
13|1980
13|2007
13|1996
12|2004
12|2010
12|2000
11|2002
11|2001
11|1995
10|2009
10|2010
10|2001
10|2003
9|2011
9|2006
9|2008
9|1999
8|1991
8|1993
7|2010
7|1991
7|2008
7|2010
7|2009
7|2008
7|2007
6|2002
6|1996
6|2004
6|2010
6|1999
6|1988
5|2000
5|2010
5|2005
4|2009
4|2007
4|2007
3|2011
3|2005
3|1994
3|2011
3|1998
3|1995
3|2004
2|2011
2|2006
2|2010
2|2003
2|2008
2|1998
2|2006
2|2009
2|1998
2|2011
1|2001
1|2011
1|1997
1|1995
1|1998
1|2008
1|2002
1|1997
1|2009
1|2002
0|2012
0|2012
0|2012
0|2012
0|2012
0|2012
0|2003
0|2011
0|2011
0|2011
0|2003
0|1994
0|2009
0|2006
0|2004
0|2010
0|2009
0|2004
0|1999
0|1978
0|1997
0|2006
0|2007
0|1982
0|1991
0|2004
0|2008
0|1978
0|2002
0|2009
0|2003
0|2009
0|2004
0|2004
0|2006
0|2003
0|2009
0|2010
0|2008
0|2010
0|1983
0|2007
0|2009
0|2008
0|2006
0|2007
0|2000
0|1996
0|2008
0|2009
0|2006
0|2009
0|2004
0|2010
0|2009
0|2007
0|1999
0|1978
0|2004
0|2002
0|2009
0|2006
0|1994
0|2010
0|2009
0|2008
0|2009
0|2009
0|2008
0|2011
0|1999
0|2009
0|2003
0|1998
0|2001
0|2001
0|1999
0|2004
0|2011
0|2001
0|2010
0|2002
0|1990
0|2001
0|2000
0|2004
0|1994
0|2005
0|2007
0|2002
0|2002
0|1999
0|1988
0|2003
0|2005
0|2002
0|2002
0|2009
0|2002
0|2012
0|2003
0|2010
0|2006
0|2009
0|2009
0|2001
0|2009
0|2011
0|2008
0|2006
0|2008
0|2006
0|2002
0|2009
0|2009
0|1994
0|1999
0|2009
0|1999
