535|1999
372|1994
338|1998
208|2005
172|2003
132|2002
131|2004
119|1997
112|2005
107|2000
82|2005
73|2006
70|2004
68|2001
66|2009
65|2008
58|2006
53|2004
52|2008
48|2004
48|2000
48|2002
45|2009
45|2007
42|2004
42|1998
42|2007
37|1999
37|1995
36|2011
32|1991
31|2007
29|1998
28|2010
27|1997
27|2004
27|1999
26|2008
24|2005
24|2007
24|2006
23|2002
23|2007
22|2001
21|2004
20|2006
20|2004
20|1997
19|2010
19|2009
19|2007
18|2002
18|2008
18|2007
17|2006
17|1998
15|2004
14|2010
14|2006
13|2010
13|2003
13|1994
13|2008
12|2004
12|2002
12|2009
12|2005
11|2010
11|2007
10|2001
10|2009
10|2010
10|2008
9|2004
9|2004
9|2008
9|2002
8|2010
8|1994
8|2008
8|2008
8|2004
8|2002
8|1996
8|2000
8|2007
7|2010
7|2001
7|2009
6|1995
6|2009
6|2003
6|2004
5|2010
5|2002
5|2009
5|2003
4|2011
4|2010
4|2002
4|2003
4|2007
4|2006
4|1990
4|2002
4|2004
4|2002
4|2007
4|2004
3|2010
3|2006
3|2004
3|2007
3|2007
3|2010
3|2003
3|1997
3|2003
3|2002
3|2004
2|2011
2|2009
2|2006
2|2001
2|2002
2|2002
2|2003
2|2003
2|2007
1|2011
1|2004
1|2010
1|2011
1|2003
1|2006
1|2006
1|2007
1|2010
1|2000
1|2004
1|2004
1|2007
0|2012
0|2012
0|2012
0|2012
0|2006
0|2011
0|2012
0|2006
0|2012
0|2010
0|2010
0|2009
0|2012
0|2009
0|2011
0|2004
0|2007
0|2003
0|2009
0|2011
0|2006
0|2006
0|2003
0|2009
0|2006
0|2006
0|2010
0|1999
0|2004
0|2008
0|2002
0|2008
0|2005
0|2009
0|2002
0|2004
0|2004
0|2004
0|1996
0|2004
0|2003
0|2010
0|2001
0|2011
0|2006
0|1992
0|1998
0|2007
0|2006
0|1999
0|2004
0|2006
0|2003
0|1997
0|2008
0|2009
0|2010
0|2002
0|2003
0|2005
0|2011
0|2010
