225|1999
68|1999
53|2007
53|2006
47|2001
42|1996
31|2007
29|2007
27|2001
23|1998
22|1998
20|1999
18|2007
17|2010
16|2006
15|2011
15|1999
14|2008
14|2007
12|2009
12|2008
11|2006
11|2009
10|2008
10|2006
9|2007
9|2011
9|2009
9|2008
9|2007
8|2010
8|1996
8|2007
7|2011
7|2007
7|2010
7|1997
7|2009
6|2005
6|2008
5|2010
5|2009
5|2004
5|2004
5|2007
5|2009
5|2008
4|2005
4|2007
4|1996
4|1996
4|2011
4|2009
4|1998
4|2008
4|2006
4|2007
4|2009
3|2005
3|2010
3|2007
3|2008
3|2004
3|2009
3|2007
3|2008
3|2008
3|2008
3|2010
2|2009
2|2008
2|2008
2|1996
2|2010
2|2010
2|2010
2|2011
2|2010
2|2008
2|2006
2|2006
2|2002
2|2009
2|2008
2|2007
2|2002
2|2006
2|2009
2|2008
1|2010
1|2011
1|2007
1|2011
1|2011
1|2008
1|2011
1|2011
1|2011
1|2010
1|2009
1|2007
1|2011
1|1998
1|2008
1|2006
1|2009
1|1996
1|2011
1|1996
1|2009
1|2008
0|2012
0|2012
0|2011
0|2011
0|2012
0|2012
0|2012
0|2012
0|2012
0|2012
0|2012
0|2001
0|2010
0|2006
0|2012
0|2011
0|2012
0|2012
0|2012
0|2012
0|2011
0|2011
0|2011
0|2010
0|2009
0|2011
0|2008
0|2011
0|2010
0|2011
0|2011
0|2011
0|2011
0|2011
0|2011
0|2010
0|2008
0|2012
0|2010
0|2008
0|2006
0|2008
0|2005
0|2008
0|2010
0|2001
0|2006
0|2011
0|2006
0|2010
0|2006
0|2009
0|2011
0|2002
0|1996
0|2002
0|2010
0|2008
0|2002
0|1994
0|2008
0|2007
0|2011
0|1999
0|2010
0|2010
0|2009
0|2010
0|2011
0|2007
0|2011
0|2006
0|2006
0|2006
0|2011
0|2010
0|2008
0|2011
0|2009
0|2009
0|2006
0|1996
0|2005
0|2006
0|2009
0|2007
0|2007
0|2009
0|2011
0|2008
0|2011
0|2007
0|2008
0|2008
0|2009
0|2009
