32|2008
23|2006
13|2008
11|2011
11|2009
11|1999
11|2005
9|2008
9|2002
7|2009
7|2005
6|2008
6|2008
6|2009
6|2004
6|2006
5|2005
5|2008
4|2011
4|1980
4|2006
4|2008
4|2007
3|2009
3|2009
3|2010
3|2010
3|2009
3|2010
3|2008
2|2007
2|2006
1|2011
1|2007
1|2005
1|2011
1|2009
1|2001
1|2007
1|2010
0|2013
0|2012
0|1999
0|2012
0|2012
0|2012
0|2012
0|2011
0|2008
0|2007
0|2012
0|2011
0|2000
0|2006
0|2001
0|2007
0|2009
0|2006
0|2008
0|2007
0|2007
0|2012
0|2006
0|2006
0|2011
0|2011
0|2010
0|2001
0|2000
0|2006
0|2007
0|2009
0|2007
0|2009
0|2005
0|2011
0|2009
0|2005
0|2006
0|2007
0|2006
0|2006
0|2009
0|2005
0|2007
0|2000
0|2011
0|2007
0|2006
0|1999
0|2008
0|2008
0|2007
0|2011
0|2008
0|2011
0|2011
0|2006
0|2009
0|2010
0|2000
0|2007
0|2011
0|2008
0|1999
0|2000
0|2007
0|2008
0|2008
0|2011
0|2006
0|2010
0|2010
0|2006
0|2012
0|2000
0|2007
0|2009
0|2007
0|2006
0|2007
0|2009
0|2005
0|2007
0|2008
