10|1999
10|2006
10|2009
7|2005
6|2010
5|1988
5|2006
5|2009
5|1996
4|2002
4|2008
4|2007
4|2006
3|2002
3|2007
3|2009
3|2010
2|2010
2|2010
2|2008
2|2006
2|2008
2|2011
2|2010
2|2009
2|2009
1|2009
1|2009
1|2005
1|2006
1|1998
1|2001
1|2000
1|2010
1|2004
1|2011
1|2007
1|2001
1|2009
1|2009
1|2010
1|2010
1|2011
1|2011
1|2007
1|2009
1|2008
0|2004
0|2011
0|2009
0|2010
0|2010
0|2012
0|2011
0|2011
0|2002
0|1992
0|2007
0|1997
0|2002
0|2001
0|2001
0|1998
0|1996
0|1994
0|1995
0|1995
0|2004
0|1998
0|1996
0|2011
0|1997
0|2009
0|2002
0|2010
0|2009
0|2010
0|2009
0|2008
0|2006
0|2010
0|2007
0|2011
0|2009
0|2008
0|2006
