506|2003
256|2002
236|2002
99|1995
98|2004
98|2002
73|1998
71|1995
67|2001
56|2005
52|2005
51|2004
49|1993
49|1996
48|2004
46|2001
42|1998
42|1995
41|2008
37|2008
37|2002
36|2002
35|2001
34|1998
33|2001
33|2007
31|1997
30|2006
30|2001
29|1991
28|2001
28|2007
28|1995
27|1995
26|2002
26|2008
26|2007
25|1991
25|2004
25|1994
24|1995
24|2002
23|1998
22|2001
20|2004
19|2002
19|2008
19|1997
18|2007
18|2002
17|2005
17|1992
16|1994
16|2005
16|1992
15|2005
14|2005
13|1991
13|1988
12|2009
12|1996
11|2003
11|2008
10|1999
10|2006
9|1993
9|1996
9|1990
9|2010
9|2009
8|2010
8|2011
8|1997
8|2004
7|2010
7|2004
7|2003
7|1993
6|2011
5|1988
5|2011
5|2009
5|2004
5|1989
5|2009
5|2011
5|1991
5|2004
4|2011
4|2010
3|2011
3|2008
3|2008
2|2012
2|2008
2|2011
2|2011
2|2004
2|1999
1|2012
1|2011
1|2011
1|1994
1|1995
0|2012
0|2012
0|2010
0|2000
0|2000
0|2001
0|2002
0|2003
0|2003
0|2004
0|2005
0|2005
0|2010
0|2012
0|2006
0|2007
0|2006
0|2007
0|2007
0|2007
0|2007
0|2012
0|2005
0|2010
0|2009
0|2009
0|2011
0|2009
0|1996
0|1987
0|2012
0|2012
0|1999
0|2006
0|2009
0|2005
0|2005
0|2003
0|2009
0|2006
0|2002
0|2005
0|2010
0|2005
0|2005
0|2001
0|2005
0|2007
0|2007
0|2002
0|2004
0|2005
0|2007
0|2000
0|2010
0|2008
0|2001
0|2007
0|1996
0|2008
0|2000
0|2005
0|2005
0|2009
0|2000
0|2000
0|2012
0|2012
0|2010
0|1999
0|2001
0|2000
0|2005
0|2002
0|2000
0|2006
0|2009
0|2003
0|2007
0|1996
0|2009
0|2000
0|2007
0|2001
0|2003
0|2003
0|2003
0|2007
0|2001
0|2007
0|2010
0|2003
