144|2001
108|2007
107|1997
92|2002
75|2003
75|1999
63|2007
48|2007
48|2005
44|2001
28|2009
25|2003
23|2010
20|2001
18|2007
16|2007
12|2007
12|2007
10|2010
7|1997
6|2010
6|2007
2|2005
2|2006
1|2011
1|2011
1|2011
1|2008
1|2008
1|2001
1|1996
1|2010
0|2011
0|2011
0|2011
0|2011
0|2011
0|2011
0|2011
0|2011
0|2011
0|2012
0|2007
0|2010
0|2007
0|2002
0|2009
0|2009
0|2008
0|2010
0|2001
0|2004
0|2008
0|2010
0|2007
0|2010
0|2009
0|2008
0|2007
0|2008
0|2011
0|2009
0|2008
0|2003
0|2005
0|2007
0|2002
0|2004
0|2000
0|2010
0|2010
0|2007
0|2010
0|2004
0|2006
0|2007
0|2008
0|2010
0|2008
0|2005
0|2007
