131|2002
94|2000
78|2002
56|2008
56|2004
50|2008
50|2002
38|1997
27|2005
27|2006
26|2001
23|2005
22|2000
22|2001
22|1995
21|2006
20|2006
19|1999
18|1998
17|1998
16|2009
16|1997
16|2002
16|1998
15|2006
15|1999
15|1997
15|1995
13|2004
12|2000
11|2003
10|2006
10|1998
10|1999
9|1997
9|1999
9|1996
8|2010
8|2000
8|2008
8|2007
7|2011
7|2008
7|2009
7|2010
7|1995
7|2004
7|2004
7|2007
6|2011
6|2005
6|2005
6|2004
6|2009
6|1997
5|2004
5|2004
4|2011
4|2008
4|2007
4|1994
4|2000
4|1994
4|2004
3|1994
3|2004
3|2010
3|2007
3|2006
2|2003
2|2009
2|2010
2|2006
2|1995
2|2009
2|2010
1|2004
1|2011
1|1995
1|2007
1|1995
1|2007
1|2001
1|2006
0|2012
0|2012
0|2007
0|1995
0|2003
0|2001
0|2001
0|2005
0|2002
0|2012
0|1997
0|2002
0|2011
0|2001
0|1997
0|2001
0|2002
0|2010
0|2001
0|2001
0|2001
0|1995
0|2001
0|2008
0|2006
0|2010
0|1995
0|1999
0|1997
0|2003
0|2012
0|2001
0|2001
0|1997
0|2001
0|2003
0|1999
0|2008
0|2001
0|2001
0|2012
0|2001
0|2009
0|2012
0|1995
0|2001
0|2004
0|1995
0|2002
0|1995
0|1993
0|2003
0|2001
0|2001
0|2011
0|1999
0|2001
0|2003
0|2001
0|1995
0|2002
0|2001
