1781|1999
1514|1998
725|1997
406|2000
365|1998
354|2000
279|1999
271|1997
234|2002
224|2001
211|1998
188|1998
176|1998
174|2007
165|1999
150|1996
149|1997
140|2000
128|1997
100|2001
89|2000
89|2001
86|2004
82|2006
71|2001
70|2001
68|1997
67|2004
67|1997
64|2004
56|2006
48|1997
47|1999
46|2003
45|2008
43|2004
43|1996
42|2001
38|2007
37|2002
37|2004
36|2008
35|2003
34|1997
33|1998
32|2007
32|2008
32|2007
30|2000
28|1998
26|2001
25|2007
24|2006
23|2001
22|2005
21|1999
20|2008
20|2008
20|1998
20|2003
19|2009
19|2002
18|2006
18|2007
18|2006
17|2009
17|2008
16|2009
16|2006
16|1999
14|2008
14|2005
13|2006
13|2004
13|2009
12|1998
11|2005
11|2008
11|1999
10|2005
10|2006
10|2003
10|2008
10|2004
9|2010
9|1992
9|2007
8|2011
8|2011
8|2007
8|2006
7|2003
7|2002
7|2009
7|2003
7|2005
6|2009
6|2006
6|1995
6|2004
6|2004
4|2006
4|2006
4|2006
4|2008
4|1999
3|2012
3|2010
3|2008
3|2007
3|2002
3|2010
3|2006
3|2009
3|2005
2|2011
2|1999
2|2000
2|2004
2|2009
2|2006
2|2007
2|2007
2|2006
2|2008
2|2007
2|2004
2|2006
2|2008
1|2011
1|2003
1|2008
1|2010
1|1997
1|1997
1|2005
1|2006
1|2011
1|2006
1|2008
0|2008
0|2010
0|2006
0|2009
0|2006
0|2009
0|2006
0|2006
0|2008
0|2007
0|2008
0|2008
0|2008
0|2010
0|2007
0|2010
0|1998
0|2005
0|2005
0|2008
0|2008
0|2007
0|2011
0|2008
0|2003
0|2008
0|2003
0|2011
0|2009
0|2008
0|2007
0|2005
0|2010
0|2006
0|2011
0|2011
0|2011
0|2006
0|2006
0|2009
0|2008
0|2009
0|2006
0|1999
0|2005
0|2003
0|2011
0|2003
0|2003
0|2008
0|2006
0|2008
0|2011
0|2005
0|2007
0|2009
0|2007
0|2007
0|2003
0|2006
0|2007
0|2003
0|2008
