199|2004
101|2008
73|2005
72|2004
70|2009
70|2008
62|2006
60|2003
46|2006
42|2005
39|2007
37|2008
20|2006
19|2010
18|2006
17|2010
15|2009
12|2006
12|2005
9|2011
9|2010
8|2010
8|2005
6|2006
6|2010
5|2011
5|2007
5|2010
5|1983
5|2006
5|2002
5|2010
4|2004
4|2009
4|1988
4|2006
4|2007
4|2012
3|2001
3|2007
3|2006
3|2009
3|2007
3|2008
3|1997
2|2009
2|2006
2|1998
2|2010
2|2009
2|2007
2|2005
2|2011
2|2002
1|2009
1|2009
1|2009
1|2009
1|2004
1|2011
1|2009
1|2007
1|2007
1|2006
1|2010
1|2005
1|2007
1|2007
1|2008
1|2001
1|2010
1|2011
1|2009
1|2004
1|2011
1|2011
0|2010
0|2010
0|2010
0|2005
0|2009
0|2006
0|2005
0|2007
0|2012
0|2012
0|2012
0|1982
0|2005
0|1996
0|2003
0|1996
0|2007
0|2001
0|2012
0|2012
0|2012
0|2008
0|2005
0|2009
0|2004
0|1995
0|2003
0|2007
0|2007
0|2011
0|1997
0|2009
0|2012
0|2007
0|2006
0|2012
0|2005
0|2010
0|2010
0|2010
0|2010
0|2011
0|2010
0|2008
0|2008
0|2010
0|2006
0|2005
0|2010
0|2010
0|2007
0|2010
0|2010
0|2006
0|2011
0|2005
0|2007
