105|2006
97|1993
61|2007
59|2004
50|1996
50|1995
48|2000
47|1992
46|2010
40|1993
38|2006
38|2004
37|2004
33|2007
32|2000
32|1999
31|2008
31|1991
27|2006
26|1998
26|1997
24|1996
23|2007
22|1995
22|2003
21|2006
20|1997
19|1995
18|1994
18|2005
17|2008
16|2010
16|2007
15|2004
15|2009
14|2005
13|1992
12|1991
12|2010
12|2006
12|2008
12|2006
11|2008
11|2006
11|2000
11|1993
10|2007
10|2009
10|1989
10|2007
10|2002
9|2008
9|1989
9|2007
8|2009
8|2009
7|2006
7|1997
7|2005
6|2000
6|1999
6|2004
5|2010
5|2006
5|1990
4|2010
4|2003
4|1989
4|1988
4|2005
4|2005
4|2005
4|2000
3|2000
3|2007
3|1991
3|2001
3|1993
3|2006
3|2007
3|2008
3|2005
3|1990
3|2007
2|2002
2|2011
2|2009
2|1997
2|2010
2|2003
2|1994
2|2007
2|2003
2|1991
2|2005
2|2007
2|2010
2|2009
2|2007
2|2009
2|2007
1|1996
1|2005
1|2003
1|2004
1|2012
1|2007
1|2010
1|1990
1|2002
1|2008
1|2006
1|2011
1|2004
1|2006
1|2000
1|2006
1|1989
1|1989
1|1989
1|2005
1|1999
1|2011
1|2007
1|2005
0|2005
0|2005
0|2003
0|2011
0|2009
0|1999
0|2006
0|2005
0|2005
0|2012
0|2010
0|2005
0|2009
0|1998
0|2006
0|2008
0|2002
0|2006
0|2002
0|2007
0|2011
0|2002
0|2010
0|2007
0|2005
0|2006
0|2011
0|2008
0|2005
0|2006
0|2005
0|2007
0|2011
0|2008
0|2005
0|2011
0|2009
0|2004
0|2007
0|2009
0|2012
0|2001
0|2008
0|1992
0|2009
0|2005
0|2009
0|2005
0|2006
0|2002
0|2008
0|2004
0|2003
0|2009
0|2003
0|2007
0|2010
0|2007
0|2011
0|2009
0|1993
0|2007
0|2009
0|2003
0|2006
0|1998
0|1990
0|2005
0|2009
0|2005
0|2009
0|2006
0|2009
0|2010
0|2006
0|2004
0|2009
0|2005
0|2002
0|2005
0|2010
0|2006
0|2000
0|2007
0|2002
0|2007
0|2009
0|1999
0|2011
0|2001
0|1998
0|2005
0|2007
0|2004
0|2011
0|2004
0|2002
0|2004
0|2007
0|2004
0|2009
0|2007
0|2011
0|2005
0|2007
0|2001
0|2010
0|2008
0|2008
0|2004
0|2009
0|2010
0|2001
0|2008
0|2007
0|2008
0|2009
0|2003
0|2001
0|1999
0|2007
0|2003
0|2010
0|2001
0|2005
0|2004
0|2011
0|2008
0|2009
0|2008
0|1999
0|2002
0|2004
0|2004
0|2005
0|2012
0|2005
0|2011
0|2009
0|2005
0|2009
0|2006
0|2007
0|2011
0|2008
0|1994
0|1999
0|2005
0|2005
0|2009
0|1994
