71|2003
51|2005
47|2001
43|2005
40|2007
38|2008
36|2006
35|2002
29|2004
24|2008
23|2005
19|2007
18|2008
15|2006
14|2008
12|2005
12|2007
9|2006
8|2010
8|2009
8|2009
8|2003
8|2008
7|2009
7|2007
7|2009
6|2007
6|2011
6|2005
5|2008
5|2009
4|2004
3|2011
3|2009
3|2009
3|2010
2|2011
2|2011
2|2002
2|2008
2|2004
2|2009
2|2009
1|2008
1|2010
1|2010
1|2003
1|2009
1|2007
1|2005
1|2007
1|2009
0|2012
0|2012
0|2012
0|2012
0|2012
0|2012
0|2009
0|2009
0|2006
0|2011
0|2012
0|2008
0|2011
0|2011
0|2011
0|2010
0|2010
0|2006
0|2009
0|2003
0|2008
0|2007
0|2004
0|2009
0|2011
0|2011
0|2010
0|2010
0|2005
0|2011
0|2002
0|2011
0|2010
0|2004
0|2010
0|2003
0|2009
0|2002
0|2005
0|2006
0|2007
0|2010
0|2010
0|2006
0|2009
0|2011
0|2010
0|2010
0|2010
0|2010
0|2010
0|2008
0|2008
0|2011
0|2009
0|2002
0|2008
