586|1990
232|1985
186|2001
156|1988
143|1990
128|1986
121|1981
115|1987
109|2006
100|2000
94|2006
88|1998
87|1998
86|1993
86|1991
71|2006
71|1982
67|1991
61|2001
59|1990
59|1987
57|2000
57|1991
53|1987
51|1999
51|1981
49|1993
48|2001
46|1995
43|2001
43|1999
43|1998
43|1993
40|2005
38|2007
38|1989
37|1996
37|1985
34|2006
34|1991
30|1984
28|2007
28|1992
28|1986
28|2004
26|1991
25|2009
25|1985
22|1988
21|2009
21|2002
21|2000
21|2003
20|2008
18|2008
18|1998
17|2008
17|1993
17|2008
17|1995
17|1988
15|2007
13|2000
13|1985
11|1997
11|1998
10|2010
10|2008
10|2007
9|1991
9|1999
9|2005
8|2009
8|2009
8|2003
7|2004
7|2000
7|1987
7|1984
7|1992
7|1983
7|1995
6|2010
6|2001
5|2008
5|2008
5|2004
5|1998
4|2003
4|2007
4|1988
3|2010
3|2005
3|1981
3|1997
3|2003
3|1999
2|2012
2|2008
2|1987
1|2011
1|2000
1|1995
1|1996
1|2005
1|2003
1|1996
1|1989
1|1990
0|1995
0|2001
0|2002
0|1990
0|2011
0|1992
0|2009
0|2007
0|2004
0|2004
0|1984
0|2001
0|1995
0|2007
0|2003
0|2009
0|2009
0|1995
0|2011
0|1999
0|2005
0|2009
0|1990
0|2009
0|2009
0|1984
0|2008
0|1986
0|2008
0|1993
0|1994
0|1988
0|2005
0|2005
0|2008
0|2008
0|1981
0|2005
0|1994
0|2005
0|2009
0|2005
0|1998
0|2011
0|2012
0|1999
